1 1 1 1 1 7 83 84 85 87 88 89 90 
1 1 1 1 1 8 1 131 132 133 134 135 136 138 
1 1 1 1 1 10 140 141 142 143 144 145 146 147 148 149 
1 1 1 1 1 10 34 35 36 37 38 39 40 41 42 43 
1 1 1 1 1 6 4 5 6 8 10 11 
1 1 1 1 1 6 4 5 6 8 9 11 
1 1 1 1 1 6 2 76 77 78 80 81 
1 1 1 1 1 7 101 103 104 105 106 107 109 
1 1 1 1 1 7 101 102 104 105 106 107 109 
1 1 1 1 1 8 0 187 188 190 192 193 194 195 
1 0 1 1 1 8 3 170 171 173 175 176 177 178 
1 1 1 1 0 9 150 151 152 153 154 155 156 157 159 
0 1 1 1 1 9 64 65 66 67 68 69 70 71 72 
1 1 1 1 0 9 150 151 152 153 154 155 157 158 159 
1 1 1 1 0 9 150 151 153 154 155 156 157 158 159 
1 0 1 1 1 10 14 15 16 17 18 19 20 21 22 23 
1 1 1 1 0 10 2 3 179 180 181 182 183 184 185 186 
0 1 1 1 1 10 121 122 123 124 125 126 127 128 129 130 
1 0 1 1 1 10 111 112 113 114 115 116 117 118 119 120 
1 1 1 1 1 5 85 86 87 91 92 
1 1 1 1 1 5 4 7 8 12 13 
1 1 1 1 1 6 24 25 26 27 29 30 
1 1 1 1 1 6 24 25 26 27 30 33 
1 1 1 1 1 6 24 25 26 27 30 32 
1 1 1 1 1 6 24 25 26 27 28 32 
1 1 1 1 1 6 24 25 27 28 29 32 
1 1 1 1 1 6 24 25 26 27 28 29 
1 1 1 1 1 6 24 25 26 29 30 31 
1 0 1 1 1 6 160 161 163 164 165 169 
1 1 1 1 0 7 54 55 56 57 58 59 63 
0 1 1 1 1 8 0 1 94 95 96 98 99 100 
1 0 1 1 1 5 44 46 47 50 51 
1 1 1 1 0 5 102 103 104 108 110 
1 1 1 1 1 4 74 75 76 79 
1 0 1 1 0 10 44 45 46 47 48 49 50 51 52 53 
0 1 1 1 1 5 2 74 75 76 82 
1 1 1 1 0 7 5 6 7 9 10 12 13 
1 0 1 1 1 9 1 93 97 98 99 131 133 135 137 
1 0 1 1 1 9 1 93 97 98 99 131 133 137 139 
1 0 1 1 1 9 1 93 97 98 99 131 133 134 139 
1 1 1 0 1 4 54 60 61 62 
1 0 1 1 1 5 162 163 164 167 168 
1 0 1 1 1 5 160 162 163 167 168 
1 0 1 1 1 5 160 162 164 167 168 
0 1 1 1 1 7 74 75 78 79 80 81 82 
0 1 1 1 1 7 74 75 77 79 80 81 82 
1 0 1 1 1 7 0 1 97 98 190 191 193 
0 1 1 1 1 7 74 75 77 78 79 81 82 
0 1 1 1 1 7 74 75 77 78 79 80 82 
1 0 1 1 1 7 0 1 97 98 189 191 192 
1 0 1 1 1 7 0 1 97 98 188 189 192 
1 0 1 1 1 7 0 1 97 98 189 192 195 
1 0 1 1 1 7 0 1 97 98 190 191 192 
1 0 1 1 1 7 0 1 97 98 188 191 192 
1 0 1 1 1 7 0 1 97 98 188 189 191 
1 0 1 1 1 7 0 1 97 98 187 188 189 
1 0 1 1 1 7 0 1 97 98 188 190 191 
1 0 1 1 1 7 0 1 97 98 187 189 195 
1 0 1 1 1 7 0 1 97 98 188 191 193 
1 1 1 1 1 5 2 70 73 78 185 
1 1 1 1 1 5 2 66 73 76 185 
1 1 1 1 1 5 76 78 187 188 191 
1 1 1 1 1 5 0 76 78 187 191 
1 1 1 1 1 5 76 78 187 189 191 
1 1 1 1 1 5 2 78 185 189 191 
1 1 1 1 1 5 76 78 187 191 194 
1 1 1 1 1 5 76 78 187 191 193 
1 1 1 1 1 5 66 70 76 78 79 
1 1 1 1 1 5 2 76 185 187 189 
1 1 1 1 1 5 66 70 73 76 78 
1 0 1 0 1 5 161 162 165 166 167 
1 0 1 0 1 5 161 162 165 166 168 
1 0 1 1 1 5 26 27 154 155 196 
1 0 1 1 1 5 34 35 163 168 205 
1 0 1 1 1 5 15 26 33 196 204 
1 0 1 1 1 5 102 162 163 166 203 
1 0 1 1 1 5 35 39 161 163 168 
1 0 1 1 1 5 102 162 163 169 203 
sum: 1506,81
time: 1482